1
10
111
100
10
1110
1001
1000
111111111
10
11
11100
1001
10010
1110
10000
11101
1111111110
11001
100
10101
110
110101
111000
100
10010
1101111111
100100
1101101
1110
111011
100000
111111
111010
10010
11111111100
111
110010
10101
1000
11111
101010
1101101
1100
1111111110
1101010
10011
1110000
1100001
100
100011
100100
100011
11011111110
110
1001000
11001
11011010
11011111
11100
100101
1110110
1111011111
1000000
10010
1111110
1101011
1110100
10000101
10010
10011
111111111000
10001
1110
11100
1100100
1001
101010
10010011
10000
1111111101
111110
101011
1010100
111010
11011010
11010111
11000
11010101
1111111110
1001
11010100
10000011
100110
110010
11100000
11100001
11000010
111111111111111111
100
101
1000110
11100001
1001000
101010
1000110
100010011
110111111100
1001010111
110
111
10010000
1011011
110010
1101010
110110100
10101111111
110111110
100111011
111000
11011
1001010
10001100111
11101100
1000
11110111110
11010011
10000000
100100001
10010
101001
11111100
11101111
11010110
11011111110
11101000
10001
100001010
110110101
100100
10011
100110
1001
1111111110000
11011010
100010
1100001
11100
110111
11100
1110001
11001000
10111110111
10010
1110110
1010100
10101101011
100100110
100011
100000
11101111
11111111010
1010111
1111100
1111110
1010110
11111011
10101000
10111101
111010
1111011111
110110100
1011001101
110101110
100100
110000
100101111
110101010
11010111
11111111100
1001111
10010
100101
110101000
1110
100000110
1001011
1001100
1010111010111
110010
11101111
111000000
11001
111000010
101010
110000100
1101000101
1111111111111111110
111000011
1000
10010001
1010
11010111
10001100
111110
111000010
11011111011
10010000
100111
101010
110100011
10001100
10011
1000100110
11011010
1101111111000
10000011
10010101110
1110111
1100
100111011
1110
1001111001
100100000
11111111100
10110110
11001101
1100100
10000100011
1101010
111111
1101101000
111110011
101011111110
100110
1101111100
101010111
1001110110
1111111
1110000
111101
110110
100111110111
10010100
11000010
100011001110
1000000001
111011000
1111100001
1000
110001001
111101111100
11111001
110100110
1000110
100000000
101001
1001000010
10101
100100
10111101111
1010010
10001101
111111000
1000110
111011110
1011111111
110101100
100100011
11011111110
11111
111010000
10101
100010
1100
1000010100
110111101
1101101010
11111010111
1001000
101000111
100110
10010111011
1001100
110010
10010
1011101
11111111100000
1100110001
11011010
100110111
1000100
110000111
11000010
110111110
111000
1111011111111111111
1101110
10010101101
11100
1101001111
11100010
1011111
110010000
1001010
101111101110
10001100011
100100
1110110001
1110110
101010001
10101000
11001011
101011010110
11110111110
1001001100
1000000111111
1000110
111101001
1000000
110100111
111011110
11010101
111111110100
100100
10101110
1001010111
11111000
11110001
1111110
111011111
10101100
111111111
111110110
11010110
101010000
1011
101111010
1010101011
1110100
11001001
11110111110
1100001
1101101000
100001010
10110011010
1010111101
1101011100
1100100001
100100
1011001011111
1100000
10101101001
1001011110
100110
1101010100
100111011
110101110
1001010111
111111111000
11101111
10011110
1000111101
100100
100010
1001010
1101
1101010000
111001111011
1110
100111011
1000001100
101011011
10010110
111000
10011000
11100011
10101110101110
100101101
1100100
101011101
111011110
11010101
1110000000
10010
110010
11111011101
1110000100
1011011
101010
110111000101
1100001000
101001
11010001010
100100110
11111111111111111100
11010001
1110000110
1111011111
10000
1111011001
100100010
111001111
10100
11111111010
110101110
111111
100011000
1100001001
111110
1110111
1110000100
11101100101
110111110110
1010110
100100000
110110101
1001110
10001111
1010100
100110011
1101000110
100111011111
100011000
1110100
100110
1010010001
10001001100
111111
11011010
101100101
11011111110000
10001001
100000110
110101110
100101011100
11101111
11101110
10001100011
11000
11111110101
1001110110
110000001
11100
110101010
10011110010
10000111011
1001000000
111100111
11111111100
1111111111
101101100
10001011011
110011010
10010
11001000
1001101001
100001000110
111101101011
11010100
111101
1111110
110100011
11011010000
100000110
1111100110
100000111
1010111111100
1100100001
100110
110111101101
11011111000
111111011
1010101110
1100100
10011101100
11111101101
11111110
100111
11100000
10101
1111010
101100111
1101100
111000010
1001111101110
1100110111
100101000
100000011
11000010
100101010101
1000110011100
111101001
10000000010
1111111111111111110
1110110000
11000101
11111000010
11100000011
1000
100000101
1100010010
1101000101
1111011111000
1010
111110010
10111101
1101001100
100101100011
1000110
10011001
1000000000
110101110111
1010010
111000010
10010000100
1001110011
101010
1011001101
1001000
1010110111
101111011110
110111001101
10100100
1010100
100011010
1101110111
1111110000
1000111001
1000110
101011111011
1110111100
1011101
10111111110
1000100110
1101011000
11010111
1001000110
10111101
110111111100
10101011
111110
11110001001
1110100000
10010101110
101010
100101
1000100
111011011101
1100
1010011101
10000101000
110001101
1101111010
1110
11011010100
1110101
111110101110
110011110001
10010000
100111011
1010001110
1101001111
1001100
10110110
100101110110
1011011011101
10011000
1011010011
110010
1000010001
100100
10000000011
10111010
11010100
111111111000000
110001011
11001100010
11001
110110100
10100000001
1001101110
1001011
10001000
101011111110
1100001110
10010111
110000100
11011001011
110111110
11010100101
1110000
1001000011
11110111111111111110
1001110110
11011100
1100010111
100101011010
10101110111
111000
11001011111
11010011110
1111110111
111000100
110110
10111110
1001011010101
1100100000
11010111
1001010
1100100001
1011111011100
110001011
100011000110
100011001110
1001000
1100111
11101100010
11010010011
11101100
101001111111
1010100010
1101001111
101010000
10000
110010110
111100011
1010110101100
100011
11110111110
101011111
10010011000
110001010011
10000001111110
110100110
10001100
10111101
1111010010
100111011111
10000000
1110001111
1101001110
10011000101
1110111100
1001000010
110101010
10110011001
1111111101000
100101111
100100
10000011
101011100
11101
10010101110
1010010
111110000
101111001111
111100010
11110100111
11111100
101000100001
1110111110
100111011
101011000
111011110
1111111110
1110110111
1111101100
1001111001
11010110
1101111
1010100000
100100001
10110
110111111100
1011110100
1001010110101
10101010110
1110110001
11101000
11011110111
110010010
100000111101
111101111100
100010
11000010
11110111101
11011010000
100111011
100001010
10010110001
101100110100
111111111111111111
10101111010
1101101010
11010111000
10011011
11001000010
1001100111
100100
10110110111
10110010111110
10100001
11000000
100110
101011010010
101101
10010111100
111011100001
100110
11111011011
11010101000
1100000001
1001110110
10010
1101011100
101000011111011
10010101110
101000000001
1111111110000
1110110001
111011110
10001011011
100111100
110110100
10001111010
101100010001
1001000
101111111001
100010
1101011001
10010100
10001101111
11010
11000010
11010100000
110110011
1110011110110
110111
11100
10110101001
1001110110
10110001
10000011000
1101110
1010110110
100110111111
100101100
11011100111011
111000
1111000111
100110000
1110010101
111000110
11100010
101011101011100
101101001011
1001011010
11111001
11001000
11011100011
1010111010
1110010111
1110111100
101111101110
110101010
11101100101
11100000000
100011010001
10010
101001
1100100
10111000011
111110111010
11101100
11100001000
10101
10110110
1011001001
1010100
1001110011
1101110001010
1011011101011
11000010000
101011010110
1010010
10110001111
110100010100
101100100101
100100110
110011110111
111111111111111111000
1010010001
110100010
1000110
11100001100
10001101101
11110111110
1101101101
100000
1011111111
11110110010
110011
1001000100
111011110
1110011110
1010100111
101000
11101000111
11111111010
1001010001
1101011100
111111111111111
1111110
10101110
1000110000
111010000001
11000010010
10101111111
1111100
10000101011
11101110
1100011101
11100001000
11111100
111011001010
1000100001001
1101111101100
11000001
1010110
1011101110101
1001000000
1010010001
1101101010
111110110
10011100
11111010111
100011110
11100011111
10101000
100110000101
1001100110
1011100101
11010001100
101111010
1001110111110
11011
1000110000
10011110001
1110100
10000101
1001100
1001010001
10100100010
11110111110
100010011000
10010011101
1111110
101111111011
110110100
110010100011
1011001010
110001110101
110111111100000
10110011010
100010010
101010011001
1000001100
10010011
110101110
111001111
1001010111000
110011101111
111011110
1001000
111011100
1010111010011
100011000110
1001101011
110000
100100101
111111101010
1101101
10011101100
1001011110
1100000010
11000000111
111000
1001110011111
110101010
1111111111111111011
100111100100
100001111011
100001110110
110101110
10010000000
10010101101
1111001110
11101111001001
11111111100
100011
11111111110
1110001011
1011011000
10011110
100010110110
10001011011
1100110100
1011111111111111111
10010
101000011001
110010000
1111100001
10011010010
1001010
1000010001100
10110001111
1111011010110
1010111010011
110101000
1011111000111
1111010
10100100101
11111100
11100
1101000110
111101101101
110110100000
1100000101
100000110
101001100011
11111001100
11101111101
1000001110
10010110
10101111111000
10110111001
11001000010
1100000001
1001100
100001011
1101111011010
1001001101
110111110000
10101110101110
1111110110
1011001101
10101011100
10011001
1100100
1001111101011
100111011000
100101011011
111111011010
111011110
111111100
111101001
1001110
10011001
111000000
1010011
101010
111010111011
11110100
110010
1011001110
10010000101
11011000
111101101011
111000010
1001101
10011111011100
1010010001
11001101110
1010100
1001010000
1011110001
1000000110
1100111111
110000100
1111111011
1001010101010
11000111101
10001100111000
11010001010
1111010010
100101000111
100000000100
11111011111101001
1111111111111111110
110001
11101100000
1011000111
110001010
1110000110
111110000100
111110000001
111000000110
111111111111111111111111111
1000

